word,number
dclk match dotomi com 443,1
http dclk match dotomi com,1
dclk match dotomi com,1
