word,number
fei pro market net,1
fei pro market net 443,1
